# Created by Octave 4.2.1, Mon Dec 25 19:10:09 2017 JST <hisasue@blacksabbath.local>
# name: v
# type: matrix
# rows: 1
# columns: 2
 2990 3902


